sml_palettes <- list(
  gull = c(
    "#E0B0A0",
    "#FFFFFF",
    "#8C8C8C",
    "#2F3A40",
    "#F5A623",
    "#6B5B4B",
    "#8A7A68"
  ),

  juvenile_gull = c(
    "#6B5B4B",
    "#8A7A68",
    "#B8A58A",
    "#D6C7A1",
    "#2F3A40"
  ),

  ocean = c(
    "#083D77",
    "#0B6E99",
    "#41B6C4",
    "#A1DAB4",
    "#E0F3DB"
  ),

  tidepool = c(
    "#1B4332",
    "#2D6A4F",
    "#40916C",
    "#74C69D",
    "#B7E4C7"
  ),

  beach_rose = c(
    "#7A1E48",
    "#C13584",
    "#F28AB2",
    "#FADADD",
    "#355E3B"
  )
)


